             38.1407                -inf            0.397919
             34.7286                -inf            0.361209
             31.6852                -inf            0.327518
             26.4048                -inf            0.261307
             21.2077                -inf            0.195936
             14.9567                -inf            0.101974
             12.5559                 inf           0.0939406
             8.74512                 inf           0.0634243
             3.16584                 inf           0.0184415
            0.911738                 inf          0.00499247
          0.00484296                 inf        -0.000113527
         1.73683e-05                 inf         1.12331e-07
         2.28124e-09                 inf         7.10871e-12
         1.27957e-12                 inf         1.02105e-14
        -1.15706e-13                 inf        -2.60267e-15
        -2.72249e-14                 inf         1.02105e-14
         1.70156e-13                 inf        -2.60267e-15
          -1.089e-13                 inf        -2.60267e-15
        -4.08374e-14                 inf        -2.60267e-15
        -5.44498e-14                 inf        -2.60267e-15
         1.36125e-14                 inf         1.02105e-14
         1.90574e-13                 inf        -2.60267e-15
          -1.089e-13                 inf        -2.60267e-15
        -3.40312e-14                 inf        -2.60267e-15
        -4.76436e-14                 inf        -2.60267e-15
         1.36125e-14                 inf         1.02105e-14
         1.90574e-13                 inf        -2.60267e-15
        -1.02093e-13                 inf        -2.60267e-15
        -1.36125e-14                 inf        -2.60267e-15
        -4.76436e-14                 inf        -2.60267e-15
         6.80623e-15                 inf         1.02105e-14
         2.17799e-13                 inf        -2.60267e-15
        -1.56543e-13                 inf        -2.60267e-15
        -1.36125e-14                 inf        -2.60267e-15
        -4.76436e-14                 inf         1.02105e-14
         1.90574e-13                 inf        -1.54158e-14
        -1.76962e-13                 inf         1.02105e-14
        -2.72249e-14                 inf        -2.60267e-15
         7.48685e-14                 inf        -2.60267e-15
        -4.08374e-14                 inf         1.02105e-14
         1.70156e-13                 inf        -2.60267e-15
          -1.089e-13                 inf        -2.60267e-15
        -7.48685e-14                 inf        -2.60267e-15
         4.76436e-14                 inf        -2.60267e-15
        -2.72249e-14                 inf         1.02105e-14
         1.70156e-13                 inf        -2.60267e-15
        -1.36125e-13                 inf        -2.60267e-15
        -7.48685e-14                 inf        -2.60267e-15
         4.76436e-14                 inf        -2.60267e-15
        -2.04187e-14                 inf         1.02105e-14
         1.70156e-13                 inf        -2.60267e-15
        -1.36125e-13                 inf        -2.60267e-15
        -6.80623e-14                 inf        -2.60267e-15
        -5.08038e-09                 inf         7.97594e-11
