                        0                        1                        0                    44500                     1650                      900                  1024.88              55.93978099             0.6786251995           0.003248615297             0.5600639295             0.8284493919              1.387929954           0.003044349728
                       25             0.9238912568              43034.70522               66486.9686              1796.377401              860.4816895              1278.617522              53.14785031             0.5634007032           0.003248615297             0.5600639295             0.7472340094              1.387929954           0.003044349728
                       50             0.8477825136              90018.94984              87599.71328              1966.807773              830.0231797              1557.776335              49.93907387             0.4560805859           0.003248615297             0.5600639295              0.666018627              1.387929954           0.003044349728
                       75             0.7716737704              141623.3483              108059.4938              2167.086916              808.1023104              1868.947137              46.23790586              0.357491852           0.003248615297             0.5600639295             0.5848032446              1.387929954           0.003044349728
                      100             0.6955650272              198684.4055               128065.229              2404.778026              793.3865178               2221.70914              41.96065516              0.268596932           0.003248615297             0.5600639295             0.5035878621              1.387929954           0.003044349728
                      125              0.619456284               262256.095              147767.3287              2689.838697              783.2234012              2630.603707              37.02178978             0.1904960841           0.003248615297             0.5600639295             0.4223724797              1.387929954           0.003044349728
                      150             0.5433475408              333680.2755              167225.6476              3035.524744              772.8636584              3118.861075              31.34724742             0.1244006119           0.003248615297             0.5600639295             0.3411570973              1.387929954           0.003044349728
                      175             0.4672387976              414685.3486               186343.494              3459.805083              754.2986392               3725.93585              24.89736504            0.07154759763           0.003248615297             0.5600639295             0.2599417148              1.387929953           0.003044349728
                      200             0.3911300544                507532.48              204765.8069              3987.917873              714.5069444              4524.137964              17.69880531            0.03301435396           0.003248615297             0.5600639295             0.1787263324              1.387929953           0.003044349728
                      225             0.3150213112              615256.7191              221721.0412              4657.899787              632.5451146               5659.95223              9.876583241           0.009386797468           0.003248615297             0.5600639295            0.09751094997              1.387929952           0.003044349728
                      250              0.238912568              742135.2696              235757.5875              5534.844526              473.3990437                7475.7693               1.66660243          0.0002422326548           0.003248615297             0.5600639295            0.01629556753              1.387929948           0.003044349728
                      264             0.1962916718              823865.1809              241428.9954               6161.25661               328.069443              9099.607759             -2.982996732          0.0007268703402           0.003248615297             0.5600639295           -0.02918504663              1.387929946           0.003044349728
                    276.5             0.1582373002              905009.2264              244445.3608              6845.624437              144.1495295              11297.34158             -7.103333214           0.003833627664           0.003248615297             0.5600639295           -0.06979273785              1.387929944           0.003044349728
              283.9249997             0.1356330044              957598.9747                   245000              7331.954086          6.682600779e-06              13198.88414             -9.519020947           0.006523503438           0.003248615297             0.5600639295            -0.0939137055              1.387929942           0.003044349728
                  283.925             0.1356330034               957598.977                   245000              7331.954107          9.576081125e-12              13198.88423             -9.519021047           0.006523503559           0.003248615297             0.5600639295            -0.0939137065              1.387929942           0.003044349728
